6076
6076
6075
6075
6075
6075
6075
6075
6075
6074
6074
6074
6074
6073
6073
6072
6072
6072
6071
6071
6070
6070
6070
6070
6070
6070
6069
6069
6068
6068
6067
6067
6066
6066
6066
6066
6066
6066
6066
6065
6065
6064
6064
6063
6063
6063
6062
6062
6062
6061
6061
6061
6061
6061
6061
6061
6060
6060
6059
6059
6059
6059
6059
6058
6058
6058
6058
6058
6058
6057
6057
6057
6056
6056
6055
6055
6055
6055
6054
6054
6053
6053
6053
6052
6052
6051
6051
6050
6050
6049
6049
6049
6048
6048
6048
6047
6047
6046
6046
6045
6045
6044
6044
6044
6043
6043
6043
6042
6042
6041
6041
6041
6041
6041
6041
6040
6040
6039
6039
6038
6038
6038
6038
6037
6037
6036
6036
6035
6035
6034
6034
6034
6034
6033
3270
3270
3269
3269
3269
3269
3268
3268
3267
3267
3267
3266
3266
3265
3265
2347
2347
2347
2347
2347
2347
2347
2347
2346
2346
2346
2128
1323
1323
1323
1322
1322
509
434
434
433
433
320
320
